[0.00588301 0.03109382 0.00763051 0.011317   0.00811309 0.0114008
 0.01300388 0.00883709 0.01117157 0.00918497 0.00829252 0.0082896
 0.01089262 0.01241802 0.00964444 0.01581897 0.00818674 0.0144959
 0.01648958 0.00723429 0.00880972 0.01121423 0.00530487 0.00883874
 0.01462804 0.01156433 0.00850722 0.00911327 0.01098868 0.01000988
 0.00868439 0.00719232 0.00888954 0.00982126 0.01061739 0.00922238
 0.01033388 0.01209911 0.00511424 0.01359759 0.00753633 0.01598516
 0.00577727 0.02265209 0.00777822 0.01041631 0.01549442 0.01949981
 0.00935272 0.01828358 0.01110689 0.01150474 0.01076566 0.00733477
 0.01213526 0.00954571 0.0090327  0.01451597 0.00797794 0.0117262
 0.01146033 0.00781761 0.01295472 0.00832206 0.01025888 0.01304098
 0.01327701 0.01133025 0.00847345 0.0094946  0.00337561 0.00329632
 0.00130939 0.02022181 0.20299573]