[0.00348912 0.02307762 0.00473211 0.01124237 0.00804221 0.00865366
 0.01121881 0.00952071 0.01217346 0.01116978 0.00918406 0.00946751
 0.01273119 0.01440961 0.00919996 0.01429971 0.00943758 0.0143076
 0.01515708 0.00680895 0.01020378 0.01178765 0.00579601 0.00880194
 0.01548839 0.01117295 0.00820071 0.00786102 0.01093767 0.00821988
 0.0090081  0.00763285 0.0077491  0.01026679 0.01206509 0.00840112
 0.01105713 0.01192475 0.00353995 0.01615652 0.00829649 0.01338798
 0.00660856 0.02342613 0.00841978 0.01129381 0.01287641 0.02007296
 0.0098715  0.02075659 0.0081839  0.01733012 0.01344314 0.00902377
 0.0127674  0.00975992 0.00762798 0.01251085 0.00873694 0.01130185
 0.01152788 0.00821131 0.01226058 0.00920662 0.00972679 0.00945906
 0.01277058 0.01205999 0.0070855  0.00974904 0.00355301 0.00317442
 0.00102069 0.03376174 0.19614222]