[0.00348169 0.02152605 0.0069159  0.01147252 0.00954757 0.0130488
 0.01220008 0.00888238 0.01091066 0.01002462 0.00853167 0.01125948
 0.00956199 0.01299288 0.00896622 0.01540846 0.0081473  0.01667562
 0.01477107 0.0080041  0.00851231 0.00963722 0.0052907  0.00947291
 0.01179174 0.01108833 0.01114032 0.00823874 0.00858285 0.00915085
 0.0099224  0.00824867 0.00867907 0.00906189 0.00903169 0.01146725
 0.00998638 0.01388078 0.00514897 0.01234995 0.00878933 0.01274055
 0.00722796 0.01821986 0.00830688 0.01161429 0.01543597 0.01662734
 0.01023035 0.0135823  0.01216166 0.0106576  0.01124856 0.00746381
 0.01068427 0.00969188 0.00884639 0.01533769 0.00880204 0.01213758
 0.01129502 0.00848909 0.01122006 0.009565   0.0096311  0.00964541
 0.01666387 0.01114251 0.00715196 0.00908734 0.00408639 0.00223127
 0.00137014 0.02994725 0.21565525]