[ 0.46546085  2.34722897  0.71825891  1.56896513  0.91505644  1.21191502
  1.83358111  0.65841872  0.88776714  0.54651459  0.85238663  0.62379962
  0.43839645  0.57796242  0.70321041  1.32949517  0.58806957  1.78232706
  0.46989033  0.75048298  1.20943352  1.90589743  1.08938615  1.09158687
  0.55241133  1.01697476  0.76803452  0.57034236  1.75275375  1.24153865
  0.58506782  0.69393488  0.54990488  0.6682491   1.03612675  1.41001249
  1.06884417  2.44906951  1.81262662  0.52001146  0.69039481  1.49329556
  1.4829591   0.68423779  0.66293544  1.88469099  1.96064178  0.64819409
  1.40604618  0.55049919  1.5573029   0.37649696  1.37030265  1.08501136
  0.5473621   1.3439737   1.76833267  0.54793211  0.58967917  1.84833384
  1.74406482  1.36931525  1.81134352  0.65849244  1.07496287  1.42281311
  0.90316616  1.09787264  1.16130859  0.57699203  1.15137757  0.39327409
  0.59984279  1.26822601 21.00693114]