[0.00497039 0.02402618 0.00725494 0.01225334 0.01030986 0.01183314
 0.01159424 0.01003042 0.01216518 0.01017395 0.00980732 0.01145993
 0.0092309  0.00987776 0.00909921 0.0157098  0.00759315 0.01625202
 0.01495687 0.00692595 0.01161304 0.0116024  0.00647844 0.00952284
 0.01157694 0.01039946 0.00962287 0.01100897 0.01088255 0.01052459
 0.00833328 0.0088984  0.00903551 0.01118031 0.01283984 0.01299102
 0.00884598 0.01268408 0.00646865 0.01092587 0.01077972 0.01665155
 0.00670903 0.01772713 0.00817453 0.01056387 0.01658573 0.01581343
 0.01002558 0.01610941 0.01023852 0.01247123 0.01138024 0.01070784
 0.00955967 0.00974117 0.00899236 0.01253383 0.00767439 0.01172975
 0.01267675 0.00933541 0.01209926 0.01101321 0.00982151 0.01188025
 0.01622964 0.01114086 0.00795799 0.00764945 0.00255835 0.00225418
 0.00234234 0.02803328 0.18987896]
