[0.00923529 0.02635005 0.01090509 0.00966604 0.01002725 0.01062895
 0.01043042 0.0107163  0.01024911 0.01019209 0.00962797 0.01110355
 0.0096287  0.01118537 0.01061244 0.01131882 0.01018975 0.01067428
 0.01009258 0.01138346 0.01025088 0.00970587 0.00954474 0.00980702
 0.01117617 0.00994702 0.00972287 0.01014716 0.01128172 0.00947661
 0.00953205 0.01317933 0.00958662 0.01058185 0.00959484 0.00984621
 0.00978781 0.00879008 0.00912994 0.01121087 0.01157708 0.01109856
 0.01159796 0.01293391 0.01133792 0.01077026 0.01137179 0.01106148
 0.00944397 0.0111418  0.01058209 0.01214348 0.00949923 0.0098567
 0.01217938 0.00993498 0.01020239 0.04715774 0.01045941 0.01050844
 0.00932481 0.01090478 0.01068411 0.01069839 0.01066808 0.01215988
 0.01240325 0.00992409 0.01107736 0.01131675 0.01066876 0.00704498
 0.00877935 0.02062245 0.16234724]