[0.00757748 0.04305436 0.00855164 0.00912818 0.00808984 0.0067136
 0.00742805 0.01009474 0.00733384 0.00909314 0.01184193 0.00903258
 0.00664376 0.00882402 0.01276734 0.00804834 0.00978904 0.00850398
 0.02007609 0.00733867 0.00736641 0.00914816 0.0056693  0.00854276
 0.00875663 0.00672639 0.0098169  0.00727757 0.01126663 0.00846546
 0.01185637 0.01302581 0.00833012 0.01105968 0.01182691 0.00816229
 0.00978382 0.00638918 0.00714559 0.         0.01074828 0.00985975
 0.00878781 0.013046   0.01010404 0.00980868 0.00836255 0.00682274
 0.00885474 0.06862949 0.00891232 0.00623584 0.00687124 0.00906438
 0.00376513 0.00608331 0.00865373 0.04289522 0.00808428 0.01046571
 0.00826857 0.0086913  0.00854366 0.01124585 0.00953052 0.01075246
 0.01208704 0.00919139 0.00900523 0.00871996 0.01119431 0.00263367
 0.0079228  0.07115895 0.15445244]