[0.00261004 0.0253824  0.00395215 0.01280266 0.00794059 0.00965731
 0.01102434 0.00877756 0.01090103 0.00922951 0.00779056 0.01001728
 0.010855   0.01621989 0.00979687 0.01708286 0.00769025 0.01584084
 0.0163935  0.00741737 0.00772094 0.0098932  0.00441362 0.00866712
 0.01279727 0.01040997 0.00869073 0.00773907 0.01104357 0.00806275
 0.00701124 0.00686254 0.00800836 0.00796092 0.00944683 0.00870613
 0.00978851 0.01485373 0.00334571 0.01288349 0.00783128 0.01470461
 0.00785155 0.02392102 0.00726009 0.00939549 0.01509916 0.01787303
 0.00931352 0.01812816 0.0091115  0.0108088  0.01087326 0.0094312
 0.00918578 0.00862085 0.00888965 0.01270469 0.00731249 0.01082426
 0.01053251 0.00902683 0.00821466 0.00806593 0.00821242 0.00966515
 0.01514338 0.01200627 0.00732341 0.00775636 0.00492442 0.00189481
 0.00132283 0.03917188 0.22791102]